00
00
00
00
73
21
05
00
71
3f
0b
00
7d
2c
12
00
89
ff
1a
00
62
5a
25
00
f4
60
30
00
e7
72
3a
00
6a
ec
41
00
48
ef
44
00
76
5b
41
00
b6
f8
34
00
d2
8f
1d
00
12
24
fa
ff
0d
f1
c9
ff
93
67
8d
ff
48
73
b9
00
96
1b
07
01
ca
b3
56
01
8c
b3
a1
01
4c
22
e0
01
20
29
09
02
54
86
13
02
24
f4
f5
01
f0
ec
a7
01
ba
3e
22
01
ff
d0
5f
00
72
eb
5e
ff
5c
43
20
02
7c
6e
a8
fc
f8
95
ff
fa
90
28
31
f9
80
30
b4
08
a0
3e
9f
0a
b0
59
7d
0c
70
b1
3b
0e
00
22
c7
0f
00
cf
0e
11
00
36
04
12
60
22
9c
12
80
6c
cf
12
60
22
9c
12
00
36
04
12
00
cf
0e
11
00
22
c7
0f
70
b1
3b
0e
b0
59
7d
0c
a0
3e
9f
0a
80
cf
4b
f7
90
28
31
f9
f8
95
ff
fa
7c
6e
a8
fc
5c
43
20
fe
72
eb
5e
ff
ff
d0
5f
00
ba
3e
22
01
f0
ec
a7
01
24
f4
f5
01
54
86
13
02
20
29
09
02
4c
22
e0
01
8c
b3
a1
01
ca
b3
56
01
96
1b
07
01
b8
8c
46
ff
93
67
8d
ff
0d
f1
c9
ff
12
24
fa
ff
d2
8f
1d
00
b6
f8
34
00
76
5b
41
00
48
ef
44
00
6a
ec
41
00
e7
72
3a
00
f4
60
30
00
62
5a
25
00
89
ff
1a
00
7d
2c
12
00
71
3f
0b
00
73
21
05
00
00
82
5a
00
00
80
79
00
00
42
76
00
00
00
af
ff
00
04
cf
ff
00
c0
3a
00
00
6e
6a
00
00
80
98
ff
00
8a
7d
00
00
00
5f
00
00
07
e7
ff
00
c0
47
00
00
e3
b8
ff
00
00
13
00
00
7e
a5
ff
00
80
86
ff
00
fc
30
00
00
40
c5
ff
00
42
76
00
00
00
af
ff
00
07
e7
ff
00
c0
47
00
00
6e
6a
00
00
80
98
ff
00
1d
47
00
00
00
ed
ff
00
8a
7d
00
00
00
5f
00
00
7e
a5
ff
00
80
86
ff
00
04
cf
ff
00
fc
3a
00
00
be
89
ff
00
00
51
00
00
76
82
ff
00
00
a1
ff
00
1d
47
00
00
00
ed
ff
00
92
95
ff
00
80
67
00
00
07
e7
ff
00
c0
47
00
00
82
5a
00
00
80
79
00
00
be
89
ff
00
00
51
00
00
fc
30
00
00
40
c5
ff
00
e3
b8
ff
00
00
13
00
00
f9
18
00
00
40
b8
ff
00
8a
7d
00
00
00
5f
00
00
92
95
ff
00
80
67
00
00
00
00
00
00
00
00
00
00
00
00
00
00
00
00
00
00
00
00
00
00
00
00
00
00
00
00
00
00
00
00
00
00
00
00
00
00
00
00
00
00
00
00
00
00
00
00
00
31
2e
31
32
00
00
00
00
31
2e
34
00
00
00
00
00
54
65
6e
73
69
6c
69
63
61
20
48
69
46
69
32
20
6d
53
42
43
20
45
6e
63
6f
64
65
72
00
00
00
00
00
00
00
00
1d
00
00
00
3a
00
00
00
27
00
00
00
74
00
00
00
69
00
00
00
4e
00
00
00
53
00
00
00
e8
00
00
00
f5
00
00
00
d2
00
00
00
cf
00
00
00
9c
00
00
00
81
00
00
00
a6
00
00
00
bb
00
00
00
cd
00
00
00
d0
00
00
00
f7
00
00
00
ea
00
00
00
b9
00
00
00
a4
00
00
00
83
00
00
00
9e
00
00
00
25
00
00
00
38
00
00
00
1f
00
00
00
02
00
00
00
51
00
00
00
4c
00
00
00
6b
00
00
00
76
00
00
00
87
00
00
00
9a
00
00
00
bd
00
00
00
a0
00
00
00
f3
00
00
00
ee
00
00
00
c9
00
00
00
d4
00
00
00
6f
00
00
00
72
00
00
00
55
00
00
00
48
00
00
00
1b
00
00
00
06
00
00
00
21
00
00
00
3c
00
00
00
4a
00
00
00
57
00
00
00
70
00
00
00
6d
00
00
00
3e
00
00
00
23
00
00
00
04
00
00
00
19
00
00
00
a2
00
00
00
bf
00
00
00
98
00
00
00
85
00
00
00
d6
00
00
00
cb
00
00
00
ec
00
00
00
f1
00
00
00
13
00
00
00
0e
00
00
00
29
00
00
00
34
00
00
00
67
00
00
00
7a
00
00
00
5d
00
00
00
40
00
00
00
fb
00
00
00
e6
00
00
00
c1
00
00
00
dc
00
00
00
8f
00
00
00
92
00
00
00
b5
00
00
00
a8
00
00
00
de
00
00
00
c3
00
00
00
e4
00
00
00
f9
00
00
00
aa
00
00
00
b7
00
00
00
90
00
00
00
8d
00
00
00
36
00
00
00
2b
00
00
00
0c
00
00
00
11
00
00
00
42
00
00
00
5f
00
00
00
78
00
00
00
65
00
00
00
94
00
00
00
89
00
00
00
ae
00
00
00
b3
00
00
00
e0
00
00
00
fd
00
00
00
da
00
00
00
c7
00
00
00
7c
00
00
00
61
00
00
00
46
00
00
00
5b
00
00
00
08
00
00
00
15
00
00
00
32
00
00
00
2f
00
00
00
59
00
00
00
44
00
00
00
63
00
00
00
7e
00
00
00
2d
00
00
00
30
00
00
00
17
00
00
00
0a
00
00
00
b1
00
00
00
ac
00
00
00
8b
00
00
00
96
00
00
00
c5
00
00
00
d8
00
00
00
ff
00
00
00
e2
00
00
00
26
00
00
00
3b
00
00
00
1c
00
00
00
01
00
00
00
52
00
00
00
4f
00
00
00
68
00
00
00
75
00
00
00
ce
00
00
00
d3
00
00
00
f4
00
00
00
e9
00
00
00
ba
00
00
00
a7
00
00
00
80
00
00
00
9d
00
00
00
eb
00
00
00
f6
00
00
00
d1
00
00
00
cc
00
00
00
9f
00
00
00
82
00
00
00
a5
00
00
00
b8
00
00
00
03
00
00
00
1e
00
00
00
39
00
00
00
24
00
00
00
77
00
00
00
6a
00
00
00
4d
00
00
00
50
00
00
00
a1
00
00
00
bc
00
00
00
9b
00
00
00
86
00
00
00
d5
00
00
00
c8
00
00
00
ef
00
00
00
f2
00
00
00
49
00
00
00
54
00
00
00
73
00
00
00
6e
00
00
00
3d
00
00
00
20
00
00
00
07
00
00
00
1a
00
00
00
6c
00
00
00
71
00
00
00
56
00
00
00
4b
00
00
00
18
00
00
00
05
00
00
00
22
00
00
00
3f
00
00
00
84
00
00
00
99
00
00
00
be
00
00
00
a3
00
00
00
f0
00
00
00
ed
00
00
00
ca
00
00
00
d7
00
00
00
35
00
00
00
28
00
00
00
0f
00
00
00
12
00
00
00
41
00
00
00
5c
00
00
00
7b
00
00
00
66
00
00
00
dd
00
00
00
c0
00
00
00
e7
00
00
00
fa
00
00
00
a9
00
00
00
b4
00
00
00
93
00
00
00
8e
00
00
00
f8
00
00
00
e5
00
00
00
c2
00
00
00
df
00
00
00
8c
00
00
00
91
00
00
00
b6
00
00
00
ab
00
00
00
10
00
00
00
0d
00
00
00
2a
00
00
00
37
00
00
00
64
00
00
00
79
00
00
00
5e
00
00
00
43
00
00
00
b2
00
00
00
af
00
00
00
88
00
00
00
95
00
00
00
c6
00
00
00
db
00
00
00
fc
00
00
00
e1
00
00
00
5a
00
00
00
47
00
00
00
60
00
00
00
7d
00
00
00
2e
00
00
00
33
00
00
00
14
00
00
00
09
00
00
00
7f
00
00
00
62
00
00
00
45
00
00
00
58
00
00
00
0b
00
00
00
16
00
00
00
31
00
00
00
2c
00
00
00
97
00
00
00
8a
00
00
00
ad
00
00
00
b0
00
00
00
e3
00
00
00
fe
00
00
00
d9
00
00
00
c4
00
00
00
ff
ff
ff
ff
00
00
00
00
00
00
00
00
00
00
00
00
fe
ff
ff
ff
00
00
00
00
00
00
00
00
01
00
00
00
fe
ff
ff
ff
00
00
00
00
00
00
00
00
01
00
00
00
fe
ff
ff
ff
00
00
00
00
00
00
00
00
01
00
00
00
fe
ff
ff
ff
00
00
00
00
00
00
00
00
00
00
00
00
00
00
00
00
00
00
00
00
00
00
00
00
01
00
00
00
fd
ff
ff
ff
00
00
00
00
00
00
00
00
00
00
00
00
00
00
00
00
00
00
00
00
01
00
00
00
02
00
00
00
fc
ff
ff
ff
00
00
00
00
00
00
00
00
00
00
00
00
00
00
00
00
00
00
00
00
01
00
00
00
02
00
00
00
fc
ff
ff
ff
00
00
00
00
00
00
00
00
00
00
00
00
00
00
00
00
00
00
00
00
01
00
00
00
02
00
00
00
71
3b
21
40
73
1b
d2
20
65
6e
74
65
72
20
61
70
70
20
65
6e
74
72
79
3a
20
42
55
49
4c
44
20
44
41
54
45
3a
20
25
73
2c
20
54
49
4d
45
3a
20
25
73
0d
0a
00
4e
6f
76
20
32
33
20
32
30
31
38
00
31
33
3a
33
39
3a
32
38
00
00
00
00
69
5f
62
79
74
65
73
5f
63
6f
6e
73
75
6d
65
64
20
3d
20
25
64
2c
20
69
5f
6f
75
74
5f
62
79
74
65
73
20
3d
20
25
64
2e
0d
0a
00
00
73
62
63
5f
72
65
71
2e
0d
0a
00
00
00
00
00
00
00
00
00
00
00
00
00
00
e0
87
18
00
d8
19
1a
00
