6c
65
6e
67
74
68
20
69
73
20
25
64
0d
0a
00
00
61
75
64
69
6f
20
69
6e
69
74
0d
0a
00
00
00
00
49
50
43
5f
4d
53
47
5f
44
45
43
4f
44
45
44
5f
53
54
41
52
54
3a
20
70
61
72
61
6d
20
69
73
20
25
64
00
00
65
6e
74
65
72
20
61
70
70
20
65
6e
74
72
79
3a
20
42
55
49
4c
44
20
44
41
54
45
3a
20
25
73
2c
20
54
49
4d
45
3a
20
25
73
0d
0a
00
4a
75
6c
20
31
35
20
32
30
31
38
00
31
37
3a
33
31
3a
34
38
00
00
00
00
00
00
00
00
00
00
00
00
00
00
00
00
b8
80
18
00
b8
80
18
00
00
00
00
00
30
31
32
33
34
35
36
37
38
39
61
62
63
64
65
66
00
00
00
00
